(
Seq1:0.00000,
Seq2:0.00282,
Seq3:0.07606);
