num.hashtags <- list(
 BonnData = c("CD45-7W-1",
              "CD45-7W-2", 
              "CD45-7W-3",
              "CD45-14W-1",
              "CD45-14W-2",
              "CD45-14W-3") 
)